Protein1_ID
13
14
25
27
30
33
60
71
81
87
88
89
95
104
118
196740
152
161
162
163
164
166
189
190
191
207
208
211
212
218
221
226
230
240
247
250
258
262
270
271
272
273
275
196883
279
164127
288
301
310
311
313
164153
321
326
327
329
331
332
335
336
337
347
353
356
358
360
372
373
374
377
381
382
387
196996
389
392
164237
398
402
403
406
407
408
409
410
429
432
435
439
440
443
444
65981
65982
65983
65985
65986
65997
463
66000
66002
468
164312
472
475
480
486
131566
66036
66037
509
513
514
100532737
516
522
527
535
539
131616
563
572
573
574
578
579
580
581
583
596
597
598
599
604
605
627
631
638
640
642
653
655
660
662
663
664
665
685
689
696
699
705
706
712
713
714
197322
717
718
727
733
197342
741
744
746
750
164592
754
755
757
758
761
767
768
779
780
783
784
785
786
492303
197407
801
805
808
811
815
816
817
818
819
825
827
834
835
839
840
842
861
862
863
864
865
868
874
885
887
892
894
896
900
902
939
945
946
956
958
963
969
971
972
973
975
977
978
988
994
997
998
1013
1015
1018
1019
1020
1021
1025
1026
1027
1030
1031
1032
1038
1039
1041
1043
1045
1046
1054
1066
1068
1069
1070
1072
1073
132158
132160
1102
1106
1123
1124
1143
1144
1146
1152
1153
132228
1158
1159
1163
1164
1173
1174
1175
1180
1186
1187
1192
1195
1196
1198
1207
165055
132321
165100
1263
1270
1277
1278
1280
1281
1287
1288
1295
1298
1300
1308
1311
1315
1329
1337
1347
1350
1351
1364
1375
1379
1381
1382
1385
1386
1388
1389
1392
1398
1400
1406
1408
1409
1410
1411
1412
1414
1415
1417
1420
1434
1435
1443
1445
1447
1448
1453
1454
1455
1456
1457
1459
1460
1466
1468
1469
1470
1472
1478
1482
165324
1485
1488
1489
1491
1500
1503
1506
1511
1522
1527
1534
1535
132625
132660
1589
132671
1600
1602
1609
1615
1616
1621
1635
1641
1645
1647
1649
1656
1665
1667
1670
1671
1674
1675
1678
1687
132789
1725
1728
1731
1735
1740
1741
1748
1756
1776
1781
1785
1788
1791
1794
1802
1807
1808
1809
1810
1816
1819
1820
1822
198437
1831
1838
1845
1846
1855
1857
1861
1874
1876
1879
132954
1889
1893
1896
1911
1912
1915
1917
1933
1937
133015
1944
1946
133022
1962
1965
1967
1974
1977
1978
1979
1981
1983
1984
1993
1997
2004
2010
2012
2014
2017
2018
2039
2049
2051
2054
165904
2071
2072
2077
165918
2079
2098
2100
2101
2104
2107
2110
2114
2118
2120
2137
2138
2145
2146
2159
2170
2192
2199
2200
2202
2203
2207
2214
493753
2239
2243
2245
2255
2256
2257
2272
2274
2275
2280
2281
2286
2289
2298
2299
2302
2303
493829
2316
2323
2328
2332
2339
2342
2353
2354
2355
493911
2395
2483
2487
2491
2495
2512
2516
2517
2519
2530
2534
2539
2543
2547
2551
2553
2559
2563
2571
2572
2577
2578
2579
2582
2590
2592
2593
494119
199221
199223
2622
2623
2624
2625
2629
2643
2645
2653
2669
2670
133746
2686
2695
2735
2740
2741
2745
2762
2770
2773
166614
2782
2790
2791
2792
2800
2801
2810
2815
166655
2824
2832
2848
2874
2885
2886
2887
2888
2896
2912
2919
2937
2939
2940
2941
2947
2949
2950
166793
2954
2957
2958
2959
2960
2961
2965
2969
2976
2980
2981
2992
2993
494514
2997
3002
3004
166863
3039
3045
3046
3047
3049
3050
134121
3054
3055
3059
723961
199675
3070
134145
3081
3083
199692
3087
3092
3093
3094
3101
3104
199720
3115
166968
199745
166979
3140
3142
3145
3146
3148
3149
3161
3162
3169
3177
199786
3183
3185
3187
3188
3190
3192
134265
3196
3198
3200
3202
3204
3208
3212
3215
3216
134288
3217
3219
3221
3222
3223
3224
3225
199834
3227
3232
3241
3251
3270
3273
3276
3281
134359
3298
3299
3303
3305
3306
3308
3310
3312
167153
3316
134391
3329
3336
3337
199953
3347
3351
3364
199990
3383
3386
3397
3399
200014
3433
3437
134510
3443
3448
134526
200081
3480
134553
3488
3489
3491
3501
3537
3543
3559
3560
3561
3572
3577
200186
3586
3589
3603
3608
3611
3612
3613
3614
3615
167465
134701
3630
3635
3645
3646
3652
3662
3670
3684
3689
3691
3692
3693
3707
3725
3726
3728
3735
3736
3737
3739
3742
200350
3744
3757
134829
3759
3763
3767
3775
3788
3792
3795
3796
3797
3799
3800
3801
3803
3831
3836
3839
3840
3841
3846
3848
3849
3850
3851
3852
3853
3854
167691
3856
3860
3861
3866
3868
3875
3880
3881
3884
3885
3886
3887
3888
3889
3891
3892
3895
3904
3912
200523
3925
3927
3933
3934
3937
3939
3945
3957
3958
3960
3964
3965
3972
3975
3976
3981
167826
167838
4001
4004
4005
4012
4013
200634
4034
4049
4056
4059
4068
4070
4077
4085
4086
4087
4088
4089
4090
4093
4097
4100
4101
4102
4103
4105
4107
4110
4111
4113
4115
4116
4118
200734
4143
4144
4148
4149
4150
4155
168002
4163
4170
4171
4176
4184
4188
4192
4194
4199
4205
4207
4212
135293
4222
4223
4236
200845
4238
4241
4253
4281
4283
4284
4289
4292
4300
4302
4308
200916
4323
4336
4342
4350
4354
4355
4356
4357
266553
4436
4437
4440
4481
4485
4490
4493
4499
4501
4521
168374
4543
266697
201181
168417
135656
4591
266740
4598
4599
4600
4601
4602
4609
4615
4616
4619
201232
4637
4638
4645
201254
201255
4654
4656
4665
266812
4670
4673
4674
4678
4681
4686
4688
201299
4704
168544
4706
4708
4715
4731
4733
4734
4736
4739
4741
4745
4747
4759
4760
4762
4771
4774
4780
168620
4783
4784
4792
4798
4800
4801
4802
4807
4808
4809
4815
4818
135892
4824
4828
4830
4832
4833
4835
4836
4838
4841
4846
4848
4849
4850
267002
4862
4869
135946
4878
4879
4893
4899
4905
201516
4909
4920
4927
4929
4938
4939
4943
4951
4952
4953
201562
4956
4957
4978
136051
4998
4999
5002
5013
5015
5025
5027
5031
5037
5047
5049
5050
5054
5058
5062
5077
5078
5079
5080
5082
5083
5087
5089
5090
5092
5093
5095
5096
5108
5110
5111
201725
5121
5125
5127
5128
5129
5130
5141
5143
5144
5147
5149
5152
5154
5159
5161
5176
169026
5187
201798
5199
5203
5204
5207
5210
5223
5229
5252
5255
5256
5257
136332
5261
5264
5272
5275
5276
201895
5293
5295
136371
5300
5303
5307
5308
5311
5313
5315
5316
5317
5318
5326
169166
5328
5332
5349
5350
5354
5355
201965
201973
5366
5371
5372
5373
5376
5378
5383
5395
5407
5409
5411
5413
5420
5424
5427
169270
5439
5441
5443
202051
5449
5450
5451
5459
5465
5467
5475
5476
5479
5480
5493
5499
5500
5501
5507
5511
5515
169355
5518
5524
5525
5526
5528
5530
5537
5539
5542
202151
5545
5551
5552
5557
5558
5563
5564
5565
5566
5569
5570
5571
5573
5575
5576
5577
5584
5585
5590
5592
5594
5597
5598
5601
5602
5604
5605
5607
5608
5610
5612
5617
5620
5624
5626
5630
5631
5634
5635
5636
202243
5639
5660
5682
169522
5684
5685
5687
5689
5690
5691
202299
5693
5696
5700
5701
5702
5704
5705
5706
5708
5709
5711
5713
5715
5716
5720
5721
431705
431707
5727
5730
5733
5746
5747
5753
5754
5757
5774
5778
5780
136853
5782
5781
5784
5790
5798
5805
5814
5817
5819
136895
5824
5829
5830
5833
5834
5836
5837
202459
5859
5860
5862
5863
5864
5866
5867
5870
5873
5874
5875
5876
5877
5878
5879
5886
5887
5890
5892
5893
5900
5901
5908
5911
5912
5914
5915
5916
5917
136991
5921
5928
5929
5932
5934
5935
5940
202559
169792
5955
5966
5970
5973
5977
5983
5984
5985
5987
5990
5991
5998
169841
6002
6005
6009
6013
6015
6017
6035
6036
6048
6050
6097
6100
6102
6117
6120
137196
169966
6133
6135
137209
6138
6146
6150
6158
6166
6168
6171
6184
6187
6192
6198
6202
170062
6230
6231
6232
6233
6234
170082
6248
6249
6257
6258
6271
6273
6274
6275
6278
6280
6285
6286
6293
6299
6303
6304
6310
6320
137392
6322
6331
6345
6348
6351
6354
6360
6363
6374
6385
6386
6396
6397
6399
6406
6418
137492
170261
6426
6427
6428
6429
6431
6432
6434
6439
6440
6442
6443
6446
6447
6449
399665
6452
203062
6455
6470
6477
399693
6495
6498
6499
6500
203111
6525
6527
6528
6529
6541
399761
170392
170394
6560
6584
6585
6590
399814
6598
6599
6601
6602
6605
6606
6607
6612
6613
6615
6616
6619
6620
203228
170463
6626
6627
6628
6629
6631
6632
6633
6634
6636
6637
6642
6643
6648
6649
6650
6652
6653
6658
6660
6663
6668
6670
6671
6672
6675
203286
6687
6692
6693
6698
6700
6708
100506164
6716
6717
6721
6723
6730
6731
399947
6733
170575
6737
6746
170591
6758
6769
6770
6774
6780
6781
6782
6783
170622
170626
6788
6789
6792
6795
6801
6804
6809
6810
6811
6812
137886
6818
6820
6821
6822
6829
6839
170680
6843
6844
170685
6846
6850
6860
6867
6871
6873
6880
6882
6884
6890
6895
6897
6898
727800
6908
6909
6910
6911
203523
6919
6921
6922
6923
6924
6925
6926
6928
6929
6934
6938
6941
6943
6945
203562
138046
6990
6993
138065
6999
7003
7004
7005
7009
7013
7019
7020
7023
7024
7027
7029
7030
7033
7037
7039
7040
400258
7043
7045
7051
7054
7067
7069
7073
7075
138162
7090
7091
7102
7104
7106
7108
7110
7113
7114
170954
7120
7124
7125
7126
138199
7128
100506584
7127
7134
7135
7138
7142
7148
7157
7158
7159
7163
7165
7166
7168
7169
7170
7171
171017
7179
171023
7185
7186
7187
7188
7189
7203
7205
138311
7247
7251
7257
7259
7262
7265
7268
7274
7276
728175
7284
7289
7294
7295
7297
7307
7310
7311
7314
7316
7318
7319
7321
7322
7323
7325
7329
7332
7335
7337
171177
7341
7342
7348
7353
7356
138428
7360
7371
7376
7379
728276
7381
7388
7389
7391
7403
7405
7407
7408
7411
7414
7415
7423
7424
7431
7432
7436
7441
7447
7448
7454
7456
400673
7458
7466
7469
7481
7483
7490
7498
400720
7507
7511
7516
7518
7520
7525
7528
7531
7533
7534
7536
7538
7541
7542
7544
7545
7549
7551
7556
7559
7565
7566
138639
7568
7571
7572
7580
7584
7586
7589
7597
7620
7629
7633
7634
7638
171482
171483
138716
7675
7678
7681
7690
7695
7697
7699
7702
7703
7704
7707
7709
7711
7716
7718
7726
7727
7728
7730
7733
7739
7741
7746
7750
7753
7755
7762
7766
7767
7770
7772
7773
7775
7780
7781
7791
401027
7812
7813
728712
7832
7849
7851
401067
7862
7866
7869
7913
7917
7918
7919
7920
7922
401152
7965
7975
7979
7984
7988
7993
139067
139081
8019
8022
8027
8030
8031
139105
401250
8038
8061
8065
8078
401296
100507537
8087
8099
8100
8115
139212
139231
8161
8175
8187
401409
8195
8204
8214
401431
8216
8227
8233
8237
8241
204851
139324
8260
8266
8270
8290
401507
401508
8294
8301
8309
8313
8317
8318
8322
8324
401541
8341
729238
8345
401563
8348
8354
8355
8367
8370
8372
8379
8382
8398
8403
8409
8412
8417
8419
8424
8428
8433
8434
8436
8440
8445
8449
8452
8456
8458
8462
8463
8468
8470
8473
8479
8487
139562
8490
8495
8496
8498
8500
8501
8502
8503
8504
8513
8517
8520
8522
139596
729428
8533
8536
8538
8539
8540
8541
8543
8545
8548
8550
729447
8553
139628
8557
8559
8562
8573
8574
8575
8576
8578
8601
8607
8615
8618
729515
8621
8623
8624
8626
8629
8631
8636
8639
8646
8648
8649
8651
8654
8655
8664
8665
8666
8667
8669
8674
8675
8676
8677
8678
401898
8687
8688
8689
8692
8697
8698
8704
8711
8715
8717
139793
8723
8726
8727
8731
8732
8736
8737
8738
8740
8742
8747
8751
8767
8772
8773
8778
401994
8784
8785
8789
8794
8796
8803
8812
8813
8815
8822
8823
8825
8826
8831
8834
8837
8840
8847
8848
8858
8859
8861
8862
8864
8870
8878
8880
8881
8887
8890
8892
8893
8896
8897
402117
8904
8905
8906
8907
8915
402135
8928
8932
8933
8934
8936
8939
8940
8942
8945
402176
729862
8975
8976
8985
8991
8996
9001
9014
9019
9020
9021
9025
9026
9028
9039
9051
9060
9063
9070
9073
9075
9077
9079
9088
9092
9093
9094
9095
9096
729991
9098
9099
9100
9108
9111
9112
9119
9123
9129
9135
9139
9140
9141
9145
9146
9149
9153
402381
9179
9180
9181
140258
9189
9196
9200
9201
730112
9217
9218
9223
9228
9229
9230
9238
9240
9242
9246
9247
205860
9253
9255
9260
9265
9266
9267
9270
9275
9278
9295
9308
9314
9319
9322
9328
9333
9338
9341
9342
9344
9349
9351
9354
9355
9363
9368
9370
9373
140459
140460
140462
9391
140465
9394
9397
9399
9402
9404
9412
9415
9421
9422
9444
9450
9454
9455
9456
9457
9459
9462
9463
9464
9465
402682
9467
9468
9470
9474
9477
9482
9491
9499
9500
9501
9502
9503
140576
9508
9510
9513
9516
9518
9519
9524
9525
9529
9530
9531
9532
9533
140606
9541
9545
9550
9552
9554
9555
140628
9562
9564
9569
9570
9575
9580
9584
9586
9587
9589
9592
9604
9605
9609
9610
140683
9616
9618
140691
9623
140706
9636
9637
140710
9639
9643
9647
9649
9657
9659
140735
9665
9666
140739
9668
9670
9672
9674
9679
9681
9683
9686
9688
9693
9694
9702
140775
9711
9717
9721
9724
9726
9729
140807
9741
9743
9744
9747
9750
9753
9759
140831
140836
9766
9767
9768
9775
9779
9782
9783
9784
9792
9798
140870
9802
140876
9805
9807
9810
9811
140885
9815
9817
9818
140890
140893
9830
140902
9832
9841
9846
9847
9851
9852
9858
9863
9869
9871
9873
9874
140947
9878
9880
9883
9885
9896
9898
9907
9908
9922
9925
9929
9935
9939
9943
9949
9958
9961
9963
9971
9975
9978
9984
10005
10006
10009
10016
10017
10018
10019
10020
10024
10036
10039
10040
10042
10043
10052
10054
10055
10059
10062
10063
10069
10072
10083
10084
10087
10093
10094
403313
10100
10101
10102
10105
10106
10107
10110
10124
403341
10126
10127
10133
10135
10136
10137
10138
10142
10146
10147
10152
10169
10171
10172
10174
10175
10179
10181
10188
10190
10193
10196
10197
337879
337880
10204
10207
10212
10213
10214
10215
10217
10219
10226
10228
10232
10233
10236
10237
10241
10243
10247
10248
10249
10250
10251
10252
10254
10256
10262
10263
10268
10273
10278
337959
337960
10282
337963
10286
10287
337966
337967
337968
337970
337972
10293
337974
10290
337969
10289
10295
337979
10294
10302
10311
10313
10318
10320
10332
10342
10344
10352
10361
10362
10363
10385
10389
10391
10399
10403
10407
10411
10417
10418
10419
10421
10422
10423
10424
10425
10430
10432
10434
10435
10436
10437
10439
10443
10445
10447
10451
10458
10459
10460
10464
10465
10467
10472
10474
10475
10477
10478
10480
10482
10483
10484
10486
10489
10490
10492
10494
10495
10513
10516
10519
10521
10522
10523
10524
10526
10528
10529
10534
10536
10537
10538
10539
10540
10541
10542
10551
10552
10556
10561
10562
10567
10569
10572
10574
10579
10581
10585
10586
10589
10597
10602
10605
10606
10612
10613
10614
10615
10616
10617
10622
10623
10629
10633
10634
10636
10640
10643
10651
10656
10664
10667
10670
10682
10687
10690
338382
10717
10733
10738
10741
10742
10750
10755
10762
10766
10767
10768
10773
10776
10781
10783
10785
10791
10794
10797
10799
10801
10802
10810
10811
10817
10826
10840
10847
10856
10857
10863
10865
10868
10874
10879
10891
10892
10894
10897
10900
10902
10904
10906
10912
10919
338599
10921
10922
10920
10926
10928
10929
10933
10934
10938
10945
10947
10951
10954
10961
10969
10971
338657
10978
10982
10992
10998
11007
11011
11020
11023
11030
11031
11034
11043
11051
11052
11059
11060
11063
11065
11075
11077
338761
11082
11083
11091
11092
11099
11100
11102
11105
338785
11108
11116
11117
11124
11126
11129
11135
11138
11140
11142
11144
11145
11146
11147
11151
11157
11158
11161
11167
11170
11178
11179
11180
11185
11187
11189
11196
11197
11199
338879
11201
11202
11211
11213
11218
11228
11230
11235
11243
11252
11258
11259
11260
11266
11267
11269
11270
11272
11273
11274
11275
11276
11277
11278
11281
11282
11284
11285
11311
11316
11317
11321
339005
11326
11329
11330
11332
404550
11335
11336
11334
11338
11339
11340
11345
11346
339221
339231
142679
339324
339344
339345
339366
339390
339416
339448
142937
503497
339669
143098
339768
339779
386676
339834
143241
339983
143503
143630
340277
143684
340348
340359
373156
340419
143884
340527
144097
340706
144100
144108
144110
144165
144347
144363
144402
144404
373863
144501
78986
78990
78992
78996
78999
79002
79003
79005
79008
79016
79022
79024
79025
79026
79036
79038
79039
79047
79050
79058
79065
79077
79078
79081
79088
79090
79092
79095
79098
79139
79148
79149
79152
79154
79156
79159
79165
79169
79171
79172
79173
79177
144717
79188
79190
79363
79364
79370
374308
79415
341567
79441
374354
374355
79444
79446
439927
374393
374395
374403
374407
374454
439996
79571
440021
440023
79577
79589
79594
440050
440051
79607
79608
79618
79621
79622
112399
79632
79635
79637
79640
79641
440093
79656
79665
79666
79669
79673
79685
79696
112464
79698
374618
440157
112483
79716
79717
112487
79720
79719
79722
79723
79724
79728
79733
79734
440184
79740
79744
79745
145282
374659
79753
374666
79754
79760
79768
79778
79792
79797
79804
112574
79810
79811
79831
79833
79836
79839
79841
79842
79843
112609
79847
112616
440295
79849
79856
79862
79863
79868
79869
79871
440321
79876
79882
79892
79894
79898
440348
79903
79912
79922
79930
79931
79933
79943
112714
145483
342096
79953
79955
79959
79960
79962
374877
374879
440419
79977
79981
79983
112752
112755
342132
79991
440446
80007
80013
80019
80022
145567
80032
112802
112812
80063
112869
80108
440563
375033
80125
80129
80131
80143
375056
80149
80153
80154
440603
80161
112939
80173
80174
112942
80178
80179
80184
80195
80198
80199
80210
80212
80217
80218
80221
80222
375133
145757
80230
80237
145773
440699
80254
80256
80258
80263
80264
80270
80273
80279
440738
80306
80308
80313
80316
80317
80318
80321
80323
80332
80333
375248
80342
80345
80350
80352
375287
113146
440836
375307
113174
145946
113179
113178
145957
342574
113251
146050
146057
408263
375567
113451
80700
441150
80705
80709
80714
80726
80742
146279
80746
441194
80755
80757
80759
441208
80762
80764
441212
146310
80777
80778
80789
146325
80790
342945
375719
80817
80820
80821
80823
80824
441273
80829
80830
80833
375748
80856
80863
375791
113655
343035
80896
146439
113675
343069
441376
113730
113746
146540
113791
441478
113829
441518
441519
441520
441521
113878
474344
146664
474354
146691
146705
146712
146760
146779
114038
114041
146849
146852
114088
146894
343521
147007
81492
81532
81539
81555
114327
81565
81566
114336
81569
81572
81573
81576
442028
81603
81606
81617
81622
81628
81629
81631
147172
147179
147183
81669
81671
81704
442229
81786
343930
81788
81790
81792
114569
147339
147372
81847
81850
81851
81853
81857
81858
344018
81888
81892
81932
114757
147525
114770
114771
114785
114790
114792
114793
114798
114800
114803
114822
114823
114824
442523
245929
114876
147650
147660
114897
114898
245972
245973
114900
114904
114908
147686
147687
114928
114932
147700
114960
114971
147744
114990
114991
344387
246100
147807
147808
147837
246175
147872
246176
246184
115123
147906
147923
147945
147947
115201
115207
246329
115265
344658
115290
148103
148137
100287171
115416
148198
148223
541465
541468
148252
541471
148266
148281
344892
377677
148304
115572
148398
148413
100287428
115677
115703
115704
148534
115817
115825
115827
115948
115950
378108
50489
116092
148870
116115
100287902
148898
50619
50626
50628
148932
116173
116179
345557
83416
83417
50650
50649
50674
148979
83444
83446
83447
83448
83451
83452
116225
83461
83463
116236
116254
116285
149069
83541
83543
116328
50804
50805
149111
50808
116349
83593
50836
83605
83606
50848
50855
50863
83637
83638
83639
83640
116412
83648
83650
83658
83659
83692
116461
83695
83698
83700
83707
50943
50945
83714
83719
116496
83733
83734
83741
83746
83752
83755
83759
51001
116540
51005
51008
51013
51016
83786
51019
51020
51022
51025
51027
83795
378708
51030
51032
51035
51042
51043
51053
51056
51058
51060
51066
149371
51067
51071
51072
51074
51076
51077
51078
51082
83851
83852
83853
51084
51083
51090
51091
83861
83862
51100
51101
83874
83878
51111
149420
51117
83892
51124
83894
51127
83895
83897
51125
83899
83900
83901
51134
51135
83903
51141
51142
51144
51147
51148
51157
149461
51160
149473
83937
51171
83942
149483
51181
51187
51188
51193
51194
51204
51207
51213
51214
100288527
83988
83990
51224
51225
83992
51233
84002
346157
51248
51251
51256
51257
51264
51265
51267
378950
378951
51274
51277
51282
280658
84056
280664
51291
84060
84062
51295
51296
51297
51298
116835
51300
84069
84065
116840
116841
84074
84072
51307
51309
84078
84080
51315
51316
51317
51319
51322
51324
51327
51329
51330
84102
84105
84106
84108
51350
51352
84124
51361
84129
51363
51364
51367
51368
84140
51375
51377
51379
51382
84153
84154
51389
51390
84167
149708
51406
51409
51411
51421
84191
51427
84203
51440
51442
51444
84215
51447
84217
116987
84221
84223
51460
84229
51466
51473
51475
84245
51480
84248
100288797
84256
84259
84260
51496
84265
51497
84267
84266
84271
84272
51504
51506
84277
51510
84281
84282
84283
51517
84285
84289
51522
84290
84292
84294
84296
51529
51531
84299
51533
51534
84304
84305
51538
84307
84309
84310
84311
84312
51545
84313
641367
51550
84320
51552
84324
51560
51561
51562
84330
51564
51567
51569
84337
51571
51582
51596
51603
51606
51608
84376
117144
51616
51619
117157
51626
117166
51631
51633
51634
117177
117178
51645
149950
51646
51647
84417
51652
51655
51659
51661
51668
84437
84439
84440
84445
51678
84446
84448
84450
51684
51686
84456
84457
51690
84458
84460
51693
84464
84465
51699
51700
51701
51702
51705
117245
117248
51719
51726
51729
84498
51734
51738
51741
51742
117283
84516
117286
84520
117289
84522
84525
84527
51760
84528
84530
51763
51764
346673
51765
84529
84536
84532
51776
51778
84547
150082
84557
150094
84561
100289124
84612
84616
84618
84619
84648
84656
84661
84662
84667
84668
84669
84677
84680
84688
84690
84691
84693
84699
84705
84707
84708
150248
84733
84759
84766
84779
84791
84807
84808
84811
84812
117581
84816
84817
84823
84832
150368
150372
84837
84838
150379
84850
84858
84864
84867
84871
84872
84873
84878
84883
84888
84890
84891
84901
84902
84905
84912
84914
84919
84923
84929
84932
84935
84936
84937
84941
84946
150483
84948
84950
84951
84958
84959
84962
84969
84970
84984
84985
84988
84991
84993
84996
85007
85013
85025
85027
150572
347240
150677
150684
150771
85285
85289
85291
85293
85294
85300
85313
85317
150864
85359
347517
85376
150921
85395
85397
85403
85407
150962
85446
85474
85569
151121
151194
118427
151195
118471
118472
151246
151254
118487
118490
347918
151354
151393
642938
118663
348093
643008
348110
118738
151531
348158
118788
348174
118812
151636
53335
53339
53340
53347
53349
53358
53371
348303
643394
348487
414059
414060
53615
53632
283011
151963
152006
414157
348645
152078
283150
283152
283165
152098
53820
53822
53826
283208
119369
283212
283219
86614
283229
414301
119391
283234
283237
414318
414325
152189
348801
348807
152206
53916
53918
53940
283349
643832
283385
348938
54033
54039
54058
54065
54067
54069
283455
283459
283461
152404
54107
54108
54165
283551
152503
283578
54205
54206
283635
152573
644096
283652
283685
54332
152687
54407
87178
100127888
54432
54438
54458
54461
54471
54472
283849
54474
54476
54477
414927
283870
54496
54502
54507
54510
152815
152816
54518
283899
54531
54532
54535
54536
54539
54544
54549
54550
54551
54552
54555
54556
54557
283933
54585
644414
54602
283985
283987
283989
54620
152926
54623
54622
284001
152940
54662
284040
415117
54676
284069
54704
284083
54708
284086
54715
54716
153020
54734
284111
54739
284119
54749
54751
54752
54754
54762
54763
54764
54765
54776
54778
54784
54785
153090
54790
54793
54796
54797
54800
54808
284185
54810
54815
54816
284194
54819
54830
54840
54841
120379
54845
54849
54850
54860
54865
54869
54870
120406
284252
54881
54882
54883
284257
54900
54902
54906
54910
54913
54915
153222
284297
54925
54926
54927
54932
284309
54935
284312
54939
54942
54944
54946
284325
54951
54955
54957
54959
54960
284338
54964
54967
54968
284346
54971
54973
54974
284352
284355
54980
54981
54982
54979
284365
120526
120534
87769
55003
55004
55007
284390
284391
55015
55017
55022
153328
284402
55030
55031
284415
55041
284418
55048
55049
55061
284439
55068
55075
55076
284451
55080
55081
55083
55086
55093
55095
55103
55105
55108
55109
55110
55111
55114
55118
55120
644945
55122
55128
55130
55132
55135
55137
55138
55145
55152
55163
55164
55165
55174
55175
55176
55178
55179
55191
55192
55194
55195
55196
284573
55198
55200
55209
55211
55216
55219
55222
55223
55224
153527
55231
55233
55234
55238
55249
55252
55256
55257
153562
55262
55266
55267
153572
55269
55272
55273
55274
55281
55282
55285
55286
55297
284680
55308
55311
284695
55319
55322
55327
55329
55333
55334
55336
55337
153643
55340
55342
55346
55353
153657
55357
55363
55374
55379
55388
55421
284802
153733
55432
55435
153743
284827
100128927
284836
284837
153769
55500
55502
55503
55504
55505
219348
55509
55510
55521
55526
55527
284904
317671
55536
55544
317703
22794
22795
22796
22797
55565
22806
22807
317719
55577
22809
55582
22822
22827
22828
55603
22836
22839
55608
55609
22841
55611
22845
153918
55616
317761
448834
55619
55620
55621
284992
55629
22863
22864
55633
645455
22873
22874
55646
285025
22884
22885
55653
22887
22888
55657
22889
22890
55658
55660
22893
55663
55662
22897
55666
22899
55668
22902
22903
55672
22905
22908
22913
22919
22920
88455
22921
22924
55693
55692
22928
22929
55696
55697
55698
55701
22934
55702
22938
22941
55713
22948
285093
219557
55719
55721
22954
22955
55722
55729
55731
121268
55735
55737
55739
55743
22977
22978
22980
55749
22981
55752
22986
55758
55760
55763
22996
285141
55768
285148
23005
23012
55781
23016
154089
55786
154091
23022
55791
55793
55795
23028
55796
285172
23034
55802
285180
121340
55806
23039
55810
55815
23051
55823
23059
55827
23061
23062
285205
55840
55845
55850
55854
121391
55856
23089
55857
55859
55860
285237
23099
55872
23108
23111
23114
55885
23118
23119
55888
23117
55890
23125
23126
23127
55898
219738
55900
23130
23136
23137
55906
55905
55909
23143
55915
55916
23149
55917
23151
23152
121457
23154
55922
23157
23162
23163
23170
23173
23174
23177
23181
55954
55957
23190
23192
23194
55964
23199
23200
23201
121506
55971
23204
285349
121504
23208
121512
23212
23216
23219
285367
23224
121536
23233
56000
23237
56006
285381
56005
154313
23242
23243
23244
121549
219854
23251
23253
23258
23265
23270
23281
23283
23288
219899
23293
23294
100129534
121599
23299
23313
154386
23315
285464
23321
23324
23326
23327
645922
23338
23339
121642
121643
56107
56122
56124
23368
23371
23373
23376
56144
23378
219988
285527
23384
23386
56155
613212
56157
56158
56159
23392
220001
220002
56156
220004
154467
23399
23403
23412
23413
23414
56180
23417
23421
23426
23429
285596
220064
23462
23463
23468
285613
23473
23474
220082
23475
56241
56243
23479
285622
23484
56254
23492
23493
23495
23498
220108
56269
23503
23506
252884
23515
23516
23520
23526
220134
285672
220136
56301
23534
23542
23543
23544
23548
23549
23550
220164
23557
23564
23566
23567
23568
23569
56341
56344
23582
23583
23589
23592
252969
23594
23593
220202
23598
23604
252983
23608
23609
285753
285755
23613
23616
23617
23619
23623
23625
23626
23630
23633
23636
285782
23639
23640
23641
23647
23648
23650
23657
23658
23671
23673
56474
56475
56477
23710
56478
154796
154807
220359
253128
23753
122060
23762
285908
23774
23780
23786
154865
154881
285971
285987
56616
286006
56647
122183
56648
56649
56654
56655
56658
56673
56675
56676
286053
286075
56704
56729
286128
155060
286151
253430
56829
56850
56851
56852
253461
286262
56890
56891
56895
56896
56898
56902
56904
56906
24139
24142
56911
24144
56915
56924
56925
56929
56935
56938
56943
56946
56947
56949
253558
56952
56956
319101
56963
286343
56970
56984
56997
56998
89765
57002
286380
57018
57019
253635
89796
57035
57048
57050
548593
286451
57085
57088
220929
89857
57091
57093
57097
89866
89870
57104
57105
57110
89884
89885
89887
57120
286499
89891
57126
57127
57130
57132
286514
57139
57144
57146
57147
57148
57159
57161
57162
155465
57172
57175
89944
57176
57182
57184
57185
89953
57188
57189
89958
57192
221044
57209
57212
57213
57215
253827
221060
122769
90007
122786
90025
90060
57325
57326
57332
57333
253943
57335
57338
221184
90121
90133
90135
253980
286753
57381
57396
90167
57402
57403
57409
57410
122953
90203
57449
286827
57456
57459
57461
221302
57473
57474
57489
57498
90268
57506
57511
286887
57513
254122
57523
57530
57531
57532
57536
57541
57542
90313
57547
221393
57554
57559
57561
57563
90332
254173
57567
57568
221416
254187
221424
90355
57592
57594
57595
57596
90362
221443
57610
57616
57621
90390
57624
57630
57631
221472
57633
57634
123169
57639
287015
90407
90410
254251
90417
57654
57655
57658
57659
90427
57664
221504
57673
90441
57684
221527
57692
57693
57696
57698
57703
57709
90480
57713
57727
123264
90507
123283
254359
90522
90523
57761
57763
57786
57819
57820
90589
221662
254428
90594
57830
57862
90637
221718
90655
90678
221785
221786
90737
90799
123591
90827
90861
90864
90874
221955
123688
58155
58157
90933
254778
123722
90957
58190
58191
353116
254827
353131
353132
353133
353134
353135
90993
353137
353139
353140
353141
353142
353143
353144
353145
91010
123803
254887
254910
222166
353238
91107
254950
254958
91133
91137
353288
123920
91156
353322
353323
222255
222256
255025
353332
353333
255043
353376
58478
58487
58490
58491
58493
58495
58498
58499
58500
58504
58506
58509
58513
58517
91289
58524
100131997
25759
58529
58530
25763
25764
58533
25766
25776
222389
25788
25796
25797
25801
25804
255180
25806
25816
255193
25824
25828
25830
91368
91369
25839
25842
25844
124149
25847
25849
25851
91392
25861
25862
255239
91404
91408
25876
25885
25888
25894
25895
25901
25906
91445
25911
25915
124220
25924
25925
25927
91464
25937
222546
25940
25945
25959
25972
25975
25977
91522
255374
25999
26002
26003
91544
26009
26012
26020
26022
26024
26031
222642
222643
26036
26034
26039
26040
26043
91582
222659
26053
222662
26060
26061
26063
26071
91608
26073
26088
222696
91624
26097
26100
124404
100132341
124411
91647
91653
26119
26121
26127
26135
26138
26147
26152
26153
124460
91694
26165
91703
26168
386617
386618
26191
91734
26205
26206
26207
91746
91750
58986
222826
26224
386672
386674
386675
26228
386677
386678
26231
26232
386680
26234
386681
386683
386684
386682
26239
26240
124540
26249
255631
26258
26263
26270
26273
26276
26284
222894
26287
26291
26333
91875
26353
91893
255758
91949
255809
26468
26470
124790
157567
157570
255877
157574
26505
59274
26507
26508
59277
26511
26525
92070
157638
92105
92106
59339
26575
59343
26578
26579
26580
59349
387032
26585
92129
26609
92154
124923
124925
124935
92170
124944
124961
26658
387119
157773
157777
100132979
26740
92283
26749
256126
26751
92345
125115
387264
387266
387267
125144
157922
92399
125170
26873
256281
256302
26952
26953
256329
26984
26985
256364
256369
26994
158067
26993
27005
27010
27018
27033
27037
27040
27042
92595
92597
27063
27065
92610
387522
27095
27106
27111
27123
27124
27128
27129
27131
27132
92667
27153
92689
27156
27158
27159
27165
92703
92714
27185
92736
158293
158297
27229
27230
27232
27236
27237
27238
27239
27242
27246
27247
27250
27254
27257
27258
92799
256646
92815
27284
92822
27287
92840
27306
387755
27309
27314
27315
27316
92856
27324
158399
387778
158405
27342
27343
27346
27350
27351
27352
158427
92906
100526836
387849
387856
27430
27434
158506
92999
387923
158572
387990
60314
93082
93099
125875
60370
93145
125919
60385
93185
388121
388135
125997
93233
126003
60468
126006
158787
60484
60485
60490
60491
60493
257101
158798
60496
158809
93273
60506
60529
126069
126070
257144
257160
93323
60560
60561
158866
93343
126119
388272
60592
257202
126133
60626
257236
388324
388325
388333
388336
93426
60672
60680
60682
60685
93474
388387
159013
388389
93487
388403
388407
126272
126282
257364
126326
126328
159119
126353
93587
126364
388512
126375
93611
126382
93621
126393
159163
126402
93643
159195
126433
388588
388633
126526
388677
388695
257629
388701
126626
126669
388818
28387
126695
388882
93986
94005
94039
388951
388962
126823
94056
388969
126868
94107
94121
94122
94134
159686
389084
126961
126969
389114
389136
100134934
94241
389207
28793
28796
28815
28823
192666
553115
192683
389336
159989
389383
127253
28951
28952
28955
28956
28970
28971
28978
28983
28985
28986
28988
127294
28992
160065
28999
29035
29057
29066
160140
29070
389524
29079
29080
29081
29082
29083
29086
29087
29090
389541
29094
29099
389549
29105
29106
29107
29109
29113
29115
29116
29117
29118
29119
29124
127428
29127
389677
127540
389741
389766
160419
127665
389812
127687
389834
127703
127829
127933
160824
29761
29763
29775
29777
29785
259173
29800
29801
29843
259234
259236
29882
29883
29886
29887
29890
29899
29903
128209
29907
29911
29916
554206
29922
29924
29925
29926
128229
29928
29934
29941
29944
29946
29947
29948
29950
29959
554251
29965
29966
128272
29970
29974
29978
29979
29990
29992
29993
29994
29997
30000
30008
30011
30012
30014
161145
390535
128408
128439
161253
128488
128553
63027
128602
390792
652968
652972
161514
161582
128821
653121
128869
128872
653166
653240
391104
161742
128977
129049
161829
653361
391257
653404
30818
30820
30827
30832
30834
30835
30836
30837
129138
30845
30848
30850
653499
129303
63826
260436
96597
162137
96626
653687
653689
129401
63874
63876
63892
63893
63894
63898
63904
63908
63915
63920
63928
63934
162239
63940
63948
63971
63976
63978
653808
129531
162333
391723
64061
64080
64081
64090
64093
64094
64098
64102
64105
64108
64110
64111
64112
64118
162427
64129
64130
64135
64145
64147
64168
64170
64184
326343
162517
64219
64220
64221
64224
162540
129807
64285
129831
162605
64320
64324
162632
129868
64333
64375
162681
64386
64393
64395
64396
64398
64400
654231
64411
64422
64426
130026
64518
654346
130074
64581
130132
64598
64599
392307
64641
64648
64651
654483
64663
162968
392360
64689
64708
130271
64744
64745
163050
64750
64753
163059
64755
64762
64763
163071
64769
64770
163081
64778
64781
64782
64783
64785
64786
64793
64800
64802
130340
130355
64841
64844
163154
64853
64857
64859
64860
64866
359787
163183
163227
64926
64927
64946
64968
64976
64978
196051
196074
65003
130540
65005
65008
65009
130557
130560
65056
130617
65082
65095
65117
65125
163486
65220
65263
65264
65265
130813
196374
196403
196441
130916
163688
196472
196477
196483
130951
196500
163742
196513
196541
163782
131034